300
1821
2353
5914
4191
16020
29325
24927
13313
2014
22858
8806
20670
8302
18684
3799
21054
1341
26297
12417
12324
21791
22929
6208
31376
10035
13962
3753
32603
32479
28726
18128
8823
16055
22414
29881
31288
314
18915
14596
30400
7644
10925
3184
10247
8784
1606
11292
29538
19701
2730
6399
4584
27247
18705
3641
12331
1206
18588
29078
4606
26377
27517
970
533
10321
13557
14777
14300
8431
26474
9463
10399
29998
17193
32054
26157
31756
14866
18063
24502
18733
16327
25786
3693
15394
1805
32035
1671
7565
1542
2004
29790
3220
6307
13371
7105
20243
6784
9667
10974
9795
8381
7122
28626
32086
29723
11212
30227
7007
17514
18810
29012
13629
9055
9216
3891
31889
8979
1028
1484
5422
17100
13965
21528
28325
29362
12970
2698
25907
25050
13466
1687
3377
26296
22921
1578
23543
22428
17668
25319
24682
13723
27717
17350
2075
20249
17393
26370
509
32723
8048
12303
32717
22804
29620
2038
8135
21078
24365
28143
24759
15361
25132
29330
27323
6182
28050
5174
20369
1556
14130
18303
104
22988
22762
14177
29358
29232
19346
27162
30444
30787
3378
10371
379
4712
23435
28659
17466
16130
13109
12437
10404
10542
24188
5548
8662
21016
31781
19010
26210
18274
2781
21012
18194
14389
4880
12076
24128
30955
12809
12567
11519
19895
31987
14474
11248
22245
28531
4947
8493
27896
18212
4699
6427
14131
7438
10791
17295
31960
5536
9461
20565
2710
27489
25962
9765
10277
3899
18507
6709
7506
16193
8839
26300
21551
24836
20361
18397
23836
3148
31592
9325
3671
31752
26683
13301
30391
27640
19462
29394
13344
11270
2439
16765
27940
31851
14682
12131
20115
28411
22759
28063
26849
26132
27159
16260
15929
20886
21962
32677
30449
14968
1198
13329
25088
24147
17889
30218
27969
24491
19634
11594
947
24139
1913
4089
1240
10767
5551
